0.2,0.2,0.2
0.21122,0.19158,0.21403
0.22245,0.18317,0.22805
0.23367,0.17475,0.24208
0.2449,0.16633,0.25611
0.25612,0.15792,0.27013
0.26734,0.1495,0.28416
0.27857,0.14108,0.29819
0.28979,0.13267,0.31221
0.30101,0.12425,0.32624
0.31224,0.11583,0.34027
0.32346,0.10741,0.35429
0.33469,0.098998,0.36832
0.34591,0.090581,0.38235
0.35713,0.082164,0.39637
0.36836,0.073747,0.4104
0.37958,0.065331,0.42443
0.39081,0.056914,0.43845
0.40203,0.048497,0.45248
0.41325,0.04008,0.46651
0.42448,0.031663,0.48053
0.4357,0.023246,0.49456
0.44692,0.01483,0.50859
0.45815,0.0064128,0.52261
0.46737,0,0.53397
0.47017,0,0.53678
0.47297,0,0.53958
0.47578,0,0.54239
0.47858,0,0.5452
0.48138,0,0.548
0.48418,0,0.55081
0.48699,0,0.55362
0.48979,0,0.55642
0.49259,0,0.55923
0.4954,0,0.56204
0.4982,0,0.56485
0.501,0,0.56765
0.5038,0,0.57046
0.50661,0,0.57327
0.50941,0,0.57607
0.51221,0,0.57888
0.51502,0,0.58169
0.51782,0,0.58449
0.52062,0,0.5873
0.52342,0,0.59011
0.52623,0,0.59292
0.52903,0,0.59572
0.53183,0,0.59853
0.52261,0,0.60134
0.50017,0,0.60414
0.47773,0,0.60695
0.45528,0,0.60976
0.43284,0,0.61256
0.4104,0,0.61537
0.38795,0,0.61818
0.36551,0,0.62099
0.34306,0,0.62379
0.32062,0,0.6266
0.29818,0,0.62941
0.27573,0,0.63221
0.25329,0,0.63502
0.23085,0,0.63783
0.2084,0,0.64063
0.18596,0,0.64344
0.16352,0,0.64625
0.14107,0,0.64906
0.11863,0,0.65186
0.096186,0,0.65467
0.073743,0,0.65748
0.051299,0,0.66028
0.028856,0,0.66309
0.0064124,0,0.6659
0,0,0.67271
0,0,0.68113
0,0,0.68955
0,0,0.69796
0,0,0.70638
0,0,0.7148
0,0,0.72321
0,0,0.73163
0,0,0.74005
0,0,0.74846
0,0,0.75688
0,0,0.7653
0,0,0.77371
0,0,0.78213
0,0,0.79055
0,0,0.79896
0,0,0.80738
0,0,0.8158
0,0,0.82422
0,0,0.83263
0,0,0.84105
0,0,0.84947
0,0,0.85788
0,0,0.8663
0,0.018705,0.8667
0,0.038346,0.8667
0,0.057987,0.8667
0,0.077627,0.8667
0,0.097268,0.8667
0,0.11691,0.8667
0,0.13655,0.8667
0,0.15619,0.8667
0,0.17583,0.8667
0,0.19547,0.8667
0,0.21511,0.8667
0,0.23475,0.8667
0,0.25439,0.8667
0,0.27403,0.8667
0,0.29367,0.8667
0,0.31332,0.8667
0,0.33296,0.8667
0,0.3526,0.8667
0,0.37224,0.8667
0,0.39188,0.8667
0,0.41152,0.8667
0,0.43116,0.8667
0,0.4508,0.8667
0,0.46777,0.8667
0,0.47338,0.8667
0,0.47899,0.8667
0,0.4846,0.8667
0,0.49021,0.8667
0,0.49582,0.8667
0,0.50143,0.8667
0,0.50704,0.8667
0,0.51265,0.8667
0,0.51826,0.8667
0,0.52387,0.8667
0,0.52948,0.8667
0,0.53509,0.8667
0,0.5407,0.8667
0,0.54631,0.8667
0,0.55192,0.8667
0,0.55753,0.8667
0,0.56314,0.8667
0,0.56875,0.8667
0,0.57436,0.8667
0,0.57996,0.8667
0,0.58557,0.8667
0,0.59118,0.8667
0,0.59679,0.8667
0,0.6012,0.86309
0,0.60401,0.85468
0,0.60682,0.84626
0,0.60962,0.83784
0,0.61243,0.82943
0,0.61524,0.82101
0,0.61805,0.81259
0,0.62085,0.80417
0,0.62366,0.79576
0,0.62647,0.78734
0,0.62927,0.77892
0,0.63208,0.77051
0,0.63489,0.76209
0,0.63769,0.75367
0,0.6405,0.74526
0,0.64331,0.73684
0,0.64612,0.72842
0,0.64892,0.72001
0,0.65173,0.71159
0,0.65454,0.70317
0,0.65734,0.69476
0,0.66015,0.68634
0,0.66296,0.67792
0,0.66576,0.66951
0,0.6667,0.66296
0,0.6667,0.65734
0,0.6667,0.65173
0,0.6667,0.64612
0,0.6667,0.6405
0,0.6667,0.63489
0,0.6667,0.62927
0,0.6667,0.62366
0,0.6667,0.61805
0,0.6667,0.61243
0,0.6667,0.60682
0,0.6667,0.6012
0,0.6667,0.59559
0,0.6667,0.58997
0,0.6667,0.58436
0,0.6667,0.57875
0,0.6667,0.57313
0,0.6667,0.56752
0,0.6667,0.5619
0,0.6667,0.55629
0,0.6667,0.55068
0,0.6667,0.54506
0,0.6667,0.53945
0,0.6667,0.53383
0,0.66416,0.51299
0,0.66135,0.49055
0,0.65855,0.46811
0,0.65574,0.44566
0,0.65293,0.42322
0,0.65013,0.40078
0,0.64732,0.37833
0,0.64451,0.35589
0,0.6417,0.33345
0,0.6389,0.311
0,0.63609,0.28856
0,0.63328,0.26612
0,0.63048,0.24367
0,0.62767,0.22123
0,0.62486,0.19879
0,0.62206,0.17634
0,0.61925,0.1539
0,0.61644,0.13145
0,0.61363,0.10901
0,0.61083,0.086568
0,0.60802,0.064124
0,0.60521,0.041681
0,0.60241,0.019237
0,0.6008,0
0,0.60641,0
0,0.61202,0
0,0.61763,0
0,0.62324,0
0,0.62885,0
0,0.63446,0
0,0.64007,0
0,0.64568,0
0,0.65129,0
0,0.6569,0
0,0.66251,0
0,0.66812,0
0,0.67373,0
0,0.67934,0
0,0.68495,0
0,0.69056,0
0,0.69617,0
0,0.70178,0
0,0.70739,0
0,0.713,0
0,0.71861,0
0,0.72422,0
0,0.72983,0
0,0.73544,0
0,0.74105,0
0,0.74667,0
0,0.75228,0
0,0.75789,0
0,0.76351,0
0,0.76912,0
0,0.77474,0
0,0.78035,0
0,0.78596,0
0,0.79158,0
0,0.79719,0
0,0.80281,0
0,0.80842,0
0,0.81404,0
0,0.81965,0
0,0.82526,0
0,0.83088,0
0,0.83649,0
0,0.84211,0
0,0.84772,0
0,0.85333,0
0,0.85895,0
0,0.86456,0
0,0.87017,0
0,0.87578,0
0,0.88139,0
0,0.887,0
0,0.89261,0
0,0.89822,0
0,0.90383,0
0,0.90944,0
0,0.91505,0
0,0.92066,0
0,0.92627,0
0,0.93188,0
0,0.93749,0
0,0.9431,0
0,0.94871,0
0,0.95432,0
0,0.95993,0
0,0.96554,0
0,0.97115,0
0,0.97676,0
0,0.98237,0
0,0.98798,0
0,0.99359,0
0,0.9992,0
0.026452,1,0
0.057312,1,0
0.088172,1,0
0.11903,1,0
0.14989,1,0
0.18075,1,0
0.21161,1,0
0.24247,1,0
0.27333,1,0
0.30419,1,0
0.33505,1,0
0.36592,1,0
0.39678,1,0
0.42764,1,0
0.4585,1,0
0.48936,1,0
0.52022,1,0
0.55108,1,0
0.58194,1,0
0.6128,1,0
0.64366,1,0
0.67452,1,0
0.70538,1,0
0.7341,0.99973,0
0.74252,0.99693,0
0.75094,0.99412,0
0.75935,0.99131,0
0.76777,0.9885,0
0.77619,0.9857,0
0.7846,0.98289,0
0.79302,0.98008,0
0.80144,0.97728,0
0.80985,0.97447,0
0.81827,0.97166,0
0.82669,0.96886,0
0.8351,0.96605,0
0.84352,0.96324,0
0.85194,0.96043,0
0.86035,0.95763,0
0.86877,0.95482,0
0.87719,0.95201,0
0.8856,0.94921,0
0.89402,0.9464,0
0.90244,0.94359,0
0.91086,0.94079,0
0.91927,0.93798,0
0.92769,0.93517,0
0.93424,0.93143,0
0.93704,0.92582,0
0.93985,0.92021,0
0.94266,0.9146,0
0.94546,0.90899,0
0.94827,0.90338,0
0.95108,0.89777,0
0.95388,0.89216,0
0.95669,0.88655,0
0.9595,0.88094,0
0.96231,0.87533,0
0.96511,0.86972,0
0.96792,0.86411,0
0.97073,0.8585,0
0.97353,0.85289,0
0.97634,0.84728,0
0.97915,0.84167,0
0.98195,0.83606,0
0.98476,0.83045,0
0.98757,0.82484,0
0.99038,0.81923,0
0.99318,0.81362,0
0.99599,0.80801,0
0.9988,0.8024,0
1,0.79519,0
1,0.78677,0
1,0.77836,0
1,0.76994,0
1,0.76152,0
1,0.75311,0
1,0.74469,0
1,0.73627,0
1,0.72786,0
1,0.71944,0
1,0.71102,0
1,0.70261,0
1,0.69419,0
1,0.68577,0
1,0.67735,0
1,0.66894,0
1,0.66052,0
1,0.6521,0
1,0.64369,0
1,0.63527,0
1,0.62685,0
1,0.61844,0
1,0.61002,0
1,0.6016,0
1,0.57956,0
1,0.55431,0
1,0.52906,0
1,0.50381,0
1,0.47856,0
1,0.45331,0
1,0.42806,0
1,0.40281,0
1,0.37756,0
1,0.3523,0
1,0.32705,0
1,0.3018,0
1,0.27655,0
1,0.2513,0
1,0.22605,0
1,0.2008,0
1,0.17555,0
1,0.1503,0
1,0.12505,0
1,0.0998,0
1,0.074549,0
1,0.049299,0
1,0.024048,0
0.99973,0,0
0.99412,0,0
0.98851,0,0
0.9829,0,0
0.97729,0,0
0.97168,0,0
0.96607,0,0
0.96046,0,0
0.95485,0,0
0.94924,0,0
0.94363,0,0
0.93802,0,0
0.93242,0,0
0.92681,0,0
0.9212,0,0
0.91559,0,0
0.90998,0,0
0.90437,0,0
0.89876,0,0
0.89315,0,0
0.88754,0,0
0.88193,0,0
0.87632,0,0
0.87071,0,0
0.8659,0,0
0.86309,0,0
0.86028,0,0
0.85748,0,0
0.85467,0,0
0.85186,0,0
0.84906,0,0
0.84625,0,0
0.84344,0,0
0.84063,0,0
0.83783,0,0
0.83502,0,0
0.83221,0,0
0.82941,0,0
0.8266,0,0
0.82379,0,0
0.82099,0,0
0.81818,0,0
0.81537,0,0
0.81256,0,0
0.80976,0,0
0.80695,0,0
0.80414,0,0
0.80134,0,0
0.79339,0,0
0.78076,0,0
0.76814,0,0
0.75551,0,0
0.74289,0,0
0.73026,0,0
0.71764,0,0
0.70501,0,0
0.69238,0,0
0.67976,0,0
0.66713,0,0
0.65451,0,0
0.64188,0,0
0.62926,0,0
0.61663,0,0
0.60401,0,0
0.59138,0,0
0.57876,0,0
0.56613,0,0
0.55351,0,0
0.54088,0,0
0.52826,0,0
0.51563,0,0
0.50301,0,0
0.49038,0,0
0.47776,0,0
0.46513,0,0
0.45251,0,0
0.43988,0,0
0.42725,0,0
0.41463,0,0
0.402,0,0
0.38938,0,0
0.37675,0,0
0.36413,0,0
0.3515,0,0
0.33888,0,0
0.32625,0,0
0.31363,0,0
0.301,0,0
0.28838,0,0
0.27575,0,0
0.26313,0,0
0.2505,0,0
0.23788,0,0
0.22525,0,0
0.21263,0,0
0.2,0,0
